Fang_Haidie\001.jpg 56.526523 79.993944 62.545585 79.297864 60.121185 68.272118 54.209019 65.923103 65.650070 66.123825 0.812718
Sang_Jiayi\001.jpg 42.057274 78.479757 47.360141 78.360083 47.564278 65.114876 43.153603 63.409012 52.387978 65.423782 0.784166
Sang_Jiayi\002.jpg 51.410875 78.291836 56.145062 77.272996 54.267223 64.607613 49.734016 63.997360 58.822021 64.405098 0.818791
Sang_Jiayi\003.jpg 30.330281 78.267094 34.734476 77.528559 30.729511 64.124138 28.666439 62.777634 38.443878 63.750702 0.814678
Sang_Jiayi\004.jpg 80.112864 77.784107 85.699080 77.030048 87.297462 63.627274 79.244339 62.083393 89.683090 62.962448 0.766759
Wang_Jianzhao\001.jpg 53.677413 71.832537 58.878340 70.815931 56.974724 59.013390 51.712769 57.818630 61.238022 58.172867 0.825939
Wang_Jianzhao\002.jpg 61.474783 75.396821 66.889959 73.061133 64.560791 61.373486 58.361553 60.278824 67.627098 59.512108 0.836495
Wang_Jianzhao\003.jpg 44.462579 72.871098 49.218822 71.786559 46.012974 60.712181 42.971931 58.933777 51.872562 59.344780 0.800802
Wang_Jianzhao\004.jpg 68.133749 71.870754 73.272925 70.531283 71.657516 56.266491 64.205856 56.403385 73.852539 55.867100 0.779306
Wang_Lidong\001.jpg 44.857521 79.138952 52.285950 78.073535 46.202404 66.978416 40.951347 63.642464 53.736675 63.158508 0.761977
Wang_Lidong\002.jpg 43.342764 82.642619 51.110964 81.361098 46.963131 74.794960 40.865253 69.836739 52.714108 69.551682 0.808537
Wang_Lidong\003.jpg 50.985750 78.174102 55.446278 77.077009 51.919781 66.802704 48.416164 65.308701 56.898964 64.839859 0.811722
Wang_Lidong\004.jpg 52.218083 84.154616 57.747189 83.389393 54.753902 74.004723 50.088535 70.638474 60.118652 70.756027 0.814110
Wang_Lidong\005.jpg 52.276166 82.391294 58.021901 81.813741 55.652069 72.014008 50.693615 68.177643 60.957188 68.683678 0.816442
Wang_Lidong\006.jpg 52.443673 80.033405 58.513156 78.873258 56.487175 69.342072 51.677299 66.371597 60.830757 66.730164 0.842977
Ye_Weirui\001.jpg 54.360671 83.277676 59.211351 81.922548 56.469250 69.907707 51.618523 67.907310 61.436310 67.696259 0.808581
Ye_Weirui\002.jpg 40.078253 78.266383 48.332944 76.840633 47.596718 66.820290 40.330456 63.061180 51.902050 64.050301 0.799556
Ye_Weirui\003.jpg 59.631479 72.557560 69.642432 71.124238 68.572861 56.611073 60.305614 53.167595 74.027458 54.606770 0.519876
Ye_Weirui\004.jpg 52.226267 78.605227 56.662837 77.288222 53.738811 65.367874 49.395557 64.691383 58.324493 64.194077 0.829418
Ye_Weirui\005.jpg 51.149315 79.164588 55.381545 78.215354 53.045471 68.467239 49.460915 66.603378 57.377125 66.798523 0.847325
Ye_Weirui\006.jpg 52.678641 75.662450 57.333181 74.458443 55.173389 62.350468 50.558220 62.088314 59.123539 61.969078 0.848595
Zhang_Chi\001.jpg 48.814178 76.893378 54.605192 75.507773 51.259838 60.812317 46.031322 60.776276 56.743576 60.767246 0.803467
Zhang_Chi\002.jpg 51.063112 82.616709 56.802794 81.719814 53.205833 70.633400 48.064144 68.359734 58.720383 68.359879 0.804358
Zhang_Chi\003.jpg 49.478874 73.381288 56.130072 72.028226 52.116631 55.755768 46.284721 54.629990 58.666435 54.489429 0.624323
Zhang_Chi\004.jpg 49.052726 83.399268 54.458138 82.036310 52.678959 70.243507 47.548092 67.903404 57.719582 68.411400 0.778886
Zhao_Tianyu\001.jpg 52.605166 74.382591 57.412367 73.653505 55.707478 65.165733 51.013504 63.341171 59.576366 63.517994 0.869647
Zhao_Tianyu\002.jpg 51.021512 69.832330 58.627012 68.751850 55.187992 55.372044 49.150719 54.987305 62.334045 55.158455 0.792498
Zhao_Tianyu\003.jpg 50.368120 78.527431 56.186175 77.623674 53.465218 66.479828 48.415218 64.310890 59.005573 64.595352 0.812419
Zhao_Tianyu\004.jpg 69.511487 75.683385 74.477909 74.989951 74.614052 65.781799 67.810020 63.473782 77.188271 63.611324 0.816520
Zhu_Zirui\001.jpg 53.205536 76.846516 59.136281 74.910599 56.743847 59.926556 50.494926 57.976002 62.461601 58.055599 0.822498
Zhu_Zirui\002.jpg 51.776281 80.639582 57.066275 78.209108 54.655655 63.321121 49.432865 61.895020 59.849136 61.995327 0.843415
Zhu_Zirui\003.jpg 54.093911 69.601206 59.030131 67.807851 57.146690 56.543961 52.767166 55.174366 61.122417 55.384102 0.844678
Zhu_Zirui\004.jpg 53.282683 74.819201 58.293107 72.252616 55.459034 59.642410 50.544453 58.736004 59.873371 58.187042 0.835609
Zhu_Zirui\005.jpg 53.688201 70.937710 58.726899 68.334549 54.680611 57.030933 49.846123 56.229893 59.336071 54.904526 0.865099
Fang_Haidie\001.jpg 56.526523 79.993944 62.545585 79.297864 60.121185 68.272118 54.209019 65.923103 65.650070 66.123825 0.812718
Sang_Jiayi\001.jpg 42.057274 78.479757 47.360141 78.360083 47.564278 65.114876 43.153603 63.409012 52.387978 65.423782 0.784166
Sang_Jiayi\002.jpg 51.410875 78.291836 56.145062 77.272996 54.267223 64.607613 49.734016 63.997360 58.822021 64.405098 0.818791
Sang_Jiayi\003.jpg 30.330281 78.267094 34.734476 77.528559 30.729511 64.124138 28.666439 62.777634 38.443878 63.750702 0.814678
Sang_Jiayi\004.jpg 80.112864 77.784107 85.699080 77.030048 87.297462 63.627274 79.244339 62.083393 89.683090 62.962448 0.766759
Wang_Jianzhao\001.jpg 53.677413 71.832537 58.878340 70.815931 56.974724 59.013390 51.712769 57.818630 61.238022 58.172867 0.825939
Wang_Jianzhao\002.jpg 61.474783 75.396821 66.889959 73.061133 64.560791 61.373486 58.361553 60.278824 67.627098 59.512108 0.836495
Wang_Jianzhao\003.jpg 44.462579 72.871098 49.218822 71.786559 46.012974 60.712181 42.971931 58.933777 51.872562 59.344780 0.800802
Wang_Jianzhao\004.jpg 68.133749 71.870754 73.272925 70.531283 71.657516 56.266491 64.205856 56.403385 73.852539 55.867100 0.779306
Wang_Lidong\001.jpg 44.857521 79.138952 52.285950 78.073535 46.202404 66.978416 40.951347 63.642464 53.736675 63.158508 0.761977
Wang_Lidong\002.jpg 43.342764 82.642619 51.110964 81.361098 46.963131 74.794960 40.865253 69.836739 52.714108 69.551682 0.808537
Wang_Lidong\003.jpg 50.985750 78.174102 55.446278 77.077009 51.919781 66.802704 48.416164 65.308701 56.898964 64.839859 0.811722
Wang_Lidong\004.jpg 52.218083 84.154616 57.747189 83.389393 54.753902 74.004723 50.088535 70.638474 60.118652 70.756027 0.814110
Wang_Lidong\005.jpg 52.276166 82.391294 58.021901 81.813741 55.652069 72.014008 50.693615 68.177643 60.957188 68.683678 0.816442
Wang_Lidong\006.jpg 52.443673 80.033405 58.513156 78.873258 56.487175 69.342072 51.677299 66.371597 60.830757 66.730164 0.842977
Ye_Weirui\001.jpg 54.360671 83.277676 59.211351 81.922548 56.469250 69.907707 51.618523 67.907310 61.436310 67.696259 0.808581
Ye_Weirui\002.jpg 40.078253 78.266383 48.332944 76.840633 47.596718 66.820290 40.330456 63.061180 51.902050 64.050301 0.799556
Ye_Weirui\003.jpg 59.631479 72.557560 69.642432 71.124238 68.572861 56.611073 60.305614 53.167595 74.027458 54.606770 0.519876
Ye_Weirui\004.jpg 52.226267 78.605227 56.662837 77.288222 53.738811 65.367874 49.395557 64.691383 58.324493 64.194077 0.829418
Ye_Weirui\005.jpg 51.149315 79.164588 55.381545 78.215354 53.045471 68.467239 49.460915 66.603378 57.377125 66.798523 0.847325
Ye_Weirui\006.jpg 52.678641 75.662450 57.333181 74.458443 55.173389 62.350468 50.558220 62.088314 59.123539 61.969078 0.848595
Zhang_Chi\001.jpg 48.814178 76.893378 54.605192 75.507773 51.259838 60.812317 46.031322 60.776276 56.743576 60.767246 0.803467
Zhang_Chi\002.jpg 51.063112 82.616709 56.802794 81.719814 53.205833 70.633400 48.064144 68.359734 58.720383 68.359879 0.804358
Zhang_Chi\003.jpg 49.478874 73.381288 56.130072 72.028226 52.116631 55.755768 46.284721 54.629990 58.666435 54.489429 0.624323
Zhang_Chi\004.jpg 49.052726 83.399268 54.458138 82.036310 52.678959 70.243507 47.548092 67.903404 57.719582 68.411400 0.778886
Zhao_Tianyu\001.jpg 52.605166 74.382591 57.412367 73.653505 55.707478 65.165733 51.013504 63.341171 59.576366 63.517994 0.869647
Zhao_Tianyu\002.jpg 51.021512 69.832330 58.627012 68.751850 55.187992 55.372044 49.150719 54.987305 62.334045 55.158455 0.792498
Zhao_Tianyu\003.jpg 50.368120 78.527431 56.186175 77.623674 53.465218 66.479828 48.415218 64.310890 59.005573 64.595352 0.812419
Zhao_Tianyu\004.jpg 69.511487 75.683385 74.477909 74.989951 74.614052 65.781799 67.810020 63.473782 77.188271 63.611324 0.816520
Zhu_Zirui\001.jpg 53.205536 76.846516 59.136281 74.910599 56.743847 59.926556 50.494926 57.976002 62.461601 58.055599 0.822498
Zhu_Zirui\002.jpg 51.776281 80.639582 57.066275 78.209108 54.655655 63.321121 49.432865 61.895020 59.849136 61.995327 0.843415
Zhu_Zirui\003.jpg 54.093911 69.601206 59.030131 67.807851 57.146690 56.543961 52.767166 55.174366 61.122417 55.384102 0.844678
Zhu_Zirui\004.jpg 53.282683 74.819201 58.293107 72.252616 55.459034 59.642410 50.544453 58.736004 59.873371 58.187042 0.835609
Zhu_Zirui\005.jpg 53.688201 70.937710 58.726899 68.334549 54.680611 57.030933 49.846123 56.229893 59.336071 54.904526 0.865099