Fang_Haidie\001.jpg 56.5 80.0 62.5 79.3 60.1 68.3 54.2 65.9 65.7 66.1 0.8127
Sang_Jiayi\001.jpg 42.1 78.5 47.4 78.4 47.6 65.1 43.2 63.4 52.4 65.4 0.7842
Sang_Jiayi\002.jpg 51.4 78.3 56.1 77.3 54.3 64.6 49.7 64.0 58.8 64.4 0.8188
Sang_Jiayi\003.jpg 30.3 78.3 34.7 77.5 30.7 64.1 28.7 62.8 38.4 63.8 0.8147
Sang_Jiayi\004.jpg 80.1 77.8 85.7 77.0 87.3 63.6 79.2 62.1 89.7 63.0 0.7668
Wang_Jianzhao\001.jpg 53.7 71.8 58.9 70.8 57.0 59.0 51.7 57.8 61.2 58.2 0.8259
Wang_Jianzhao\002.jpg 61.5 75.4 66.9 73.1 64.6 61.4 58.4 60.3 67.6 59.5 0.8365
Wang_Jianzhao\003.jpg 44.5 72.9 49.2 71.8 46.0 60.7 43.0 58.9 51.9 59.3 0.8008
Wang_Jianzhao\004.jpg 68.1 71.9 73.3 70.5 71.7 56.3 64.2 56.4 73.9 55.9 0.7793
Wang_Lidong\001.jpg 44.9 79.1 52.3 78.1 46.2 67.0 41.0 63.6 53.7 63.2 0.7620
Wang_Lidong\002.jpg 43.3 82.6 51.1 81.4 47.0 74.8 40.9 69.8 52.7 69.6 0.8085
Wang_Lidong\003.jpg 51.0 78.2 55.4 77.1 51.9 66.8 48.4 65.3 56.9 64.8 0.8117
Wang_Lidong\004.jpg 52.2 84.2 57.7 83.4 54.8 74.0 50.1 70.6 60.1 70.8 0.8141
Wang_Lidong\005.jpg 52.3 82.4 58.0 81.8 55.7 72.0 50.7 68.2 61.0 68.7 0.8164
Wang_Lidong\006.jpg 52.4 80.0 58.5 78.9 56.5 69.3 51.7 66.4 60.8 66.7 0.8430
Ye_Weirui\001.jpg 54.4 83.3 59.2 81.9 56.5 69.9 51.6 67.9 61.4 67.7 0.8086
Ye_Weirui\002.jpg 40.1 78.3 48.3 76.8 47.6 66.8 40.3 63.1 51.9 64.1 0.7996
Ye_Weirui\003.jpg 59.6 72.6 69.6 71.1 68.6 56.6 60.3 53.2 74.0 54.6 0.5199
Ye_Weirui\004.jpg 52.2 78.6 56.7 77.3 53.7 65.4 49.4 64.7 58.3 64.2 0.8294
Ye_Weirui\005.jpg 51.1 79.2 55.4 78.2 53.0 68.5 49.5 66.6 57.4 66.8 0.8473
Ye_Weirui\006.jpg 52.7 75.7 57.3 74.5 55.2 62.4 50.6 62.1 59.1 62.0 0.8486
Zhang_Chi\001.jpg 48.8 76.9 54.6 75.5 51.3 60.8 46.0 60.8 56.7 60.8 0.8035
Zhang_Chi\002.jpg 51.1 82.6 56.8 81.7 53.2 70.6 48.1 68.4 58.7 68.4 0.8044
Zhang_Chi\003.jpg 49.5 73.4 56.1 72.0 52.1 55.8 46.3 54.6 58.7 54.5 0.6243
Zhang_Chi\004.jpg 49.1 83.4 54.5 82.0 52.7 70.2 47.5 67.9 57.7 68.4 0.7789
Zhao_Tianyu\001.jpg 52.6 74.4 57.4 73.7 55.7 65.2 51.0 63.3 59.6 63.5 0.8696
Zhao_Tianyu\002.jpg 51.0 69.8 58.6 68.8 55.2 55.4 49.2 55.0 62.3 55.2 0.7925
Zhao_Tianyu\003.jpg 50.4 78.5 56.2 77.6 53.5 66.5 48.4 64.3 59.0 64.6 0.8124
Zhao_Tianyu\004.jpg 69.5 75.7 74.5 75.0 74.6 65.8 67.8 63.5 77.2 63.6 0.8165
Zhu_Zirui\001.jpg 53.2 76.8 59.1 74.9 56.7 59.9 50.5 58.0 62.5 58.1 0.8225
Zhu_Zirui\002.jpg 51.8 80.6 57.1 78.2 54.7 63.3 49.4 61.9 59.8 62.0 0.8434
Zhu_Zirui\003.jpg 54.1 69.6 59.0 67.8 57.1 56.5 52.8 55.2 61.1 55.4 0.8447
Zhu_Zirui\004.jpg 53.3 74.8 58.3 72.3 55.5 59.6 50.5 58.7 59.9 58.2 0.8356
Zhu_Zirui\005.jpg 53.7 70.9 58.7 68.3 54.7 57.0 49.8 56.2 59.3 54.9 0.8651
Fang_Haidie\001.jpg 56.5 80.0 62.5 79.3 60.1 68.3 54.2 65.9 65.7 66.1 0.8127
Sang_Jiayi\001.jpg 42.1 78.5 47.4 78.4 47.6 65.1 43.2 63.4 52.4 65.4 0.7842
Sang_Jiayi\002.jpg 51.4 78.3 56.1 77.3 54.3 64.6 49.7 64.0 58.8 64.4 0.8188
Sang_Jiayi\003.jpg 30.3 78.3 34.7 77.5 30.7 64.1 28.7 62.8 38.4 63.8 0.8147
Sang_Jiayi\004.jpg 80.1 77.8 85.7 77.0 87.3 63.6 79.2 62.1 89.7 63.0 0.7668
Wang_Jianzhao\001.jpg 53.7 71.8 58.9 70.8 57.0 59.0 51.7 57.8 61.2 58.2 0.8259
Wang_Jianzhao\002.jpg 61.5 75.4 66.9 73.1 64.6 61.4 58.4 60.3 67.6 59.5 0.8365
Wang_Jianzhao\003.jpg 44.5 72.9 49.2 71.8 46.0 60.7 43.0 58.9 51.9 59.3 0.8008
Wang_Jianzhao\004.jpg 68.1 71.9 73.3 70.5 71.7 56.3 64.2 56.4 73.9 55.9 0.7793
Wang_Lidong\001.jpg 44.9 79.1 52.3 78.1 46.2 67.0 41.0 63.6 53.7 63.2 0.7620
Wang_Lidong\002.jpg 43.3 82.6 51.1 81.4 47.0 74.8 40.9 69.8 52.7 69.6 0.8085
Wang_Lidong\003.jpg 51.0 78.2 55.4 77.1 51.9 66.8 48.4 65.3 56.9 64.8 0.8117
Wang_Lidong\004.jpg 52.2 84.2 57.7 83.4 54.8 74.0 50.1 70.6 60.1 70.8 0.8141
Wang_Lidong\005.jpg 52.3 82.4 58.0 81.8 55.7 72.0 50.7 68.2 61.0 68.7 0.8164
Wang_Lidong\006.jpg 52.4 80.0 58.5 78.9 56.5 69.3 51.7 66.4 60.8 66.7 0.8430
Ye_Weirui\001.jpg 54.4 83.3 59.2 81.9 56.5 69.9 51.6 67.9 61.4 67.7 0.8086
Ye_Weirui\002.jpg 40.1 78.3 48.3 76.8 47.6 66.8 40.3 63.1 51.9 64.1 0.7996
Ye_Weirui\003.jpg 59.6 72.6 69.6 71.1 68.6 56.6 60.3 53.2 74.0 54.6 0.5199
Ye_Weirui\004.jpg 52.2 78.6 56.7 77.3 53.7 65.4 49.4 64.7 58.3 64.2 0.8294
Ye_Weirui\005.jpg 51.1 79.2 55.4 78.2 53.0 68.5 49.5 66.6 57.4 66.8 0.8473
Ye_Weirui\006.jpg 52.7 75.7 57.3 74.5 55.2 62.4 50.6 62.1 59.1 62.0 0.8486
Zhang_Chi\001.jpg 48.8 76.9 54.6 75.5 51.3 60.8 46.0 60.8 56.7 60.8 0.8035
Zhang_Chi\002.jpg 51.1 82.6 56.8 81.7 53.2 70.6 48.1 68.4 58.7 68.4 0.8044
Zhang_Chi\003.jpg 49.5 73.4 56.1 72.0 52.1 55.8 46.3 54.6 58.7 54.5 0.6243
Zhang_Chi\004.jpg 49.1 83.4 54.5 82.0 52.7 70.2 47.5 67.9 57.7 68.4 0.7789
Zhao_Tianyu\001.jpg 52.6 74.4 57.4 73.7 55.7 65.2 51.0 63.3 59.6 63.5 0.8696
Zhao_Tianyu\002.jpg 51.0 69.8 58.6 68.8 55.2 55.4 49.2 55.0 62.3 55.2 0.7925
Zhao_Tianyu\003.jpg 50.4 78.5 56.2 77.6 53.5 66.5 48.4 64.3 59.0 64.6 0.8124
Zhao_Tianyu\004.jpg 69.5 75.7 74.5 75.0 74.6 65.8 67.8 63.5 77.2 63.6 0.8165
Zhu_Zirui\001.jpg 53.2 76.8 59.1 74.9 56.7 59.9 50.5 58.0 62.5 58.1 0.8225
Zhu_Zirui\002.jpg 51.8 80.6 57.1 78.2 54.7 63.3 49.4 61.9 59.8 62.0 0.8434
Zhu_Zirui\003.jpg 54.1 69.6 59.0 67.8 57.1 56.5 52.8 55.2 61.1 55.4 0.8447
Zhu_Zirui\004.jpg 53.3 74.8 58.3 72.3 55.5 59.6 50.5 58.7 59.9 58.2 0.8356
Zhu_Zirui\005.jpg 53.7 70.9 58.7 68.3 54.7 57.0 49.8 56.2 59.3 54.9 0.8651
